0.4119 0.4019 0.4295 0.4784 0.5370 0.6295 0.7378 0.8427 0.9212 0.9418
0.4220 0.3642 0.4083 0.4686 0.5030 0.6138 0.7413 0.8690 0.9792 0.9623
0.4898 0.4566 0.5706 0.5155 0.5917 0.7189 0.8386 0.9674 1.0000 0.9660
0.5907 0.5865 0.6731 0.5614 0.5274 0.6670 0.7128 0.8514 0.9519 0.9356
0.6958 0.7041 0.7774 0.6840 0.6772 0.7090 0.7452 0.8411 0.8525 0.8889
0.7927 0.8026 0.9102 0.8457 0.7885 0.7466 0.8189 0.9388 0.8362 0.8788
0.8796 0.9082 1.0251 1.0000 0.8845 0.8309 0.9162 1.0261 0.9071 0.9112
0.9378 0.9631 0.9062 1.0002 0.9187 0.9039 1.0138 1.0000 1.0097 0.9476
0.9709 1.0000 0.9955 0.8988 0.8245 0.8222 0.9305 1.0162 0.8956 0.9220
0.9747 0.9786 0.9611 0.9092 0.8676 0.8690 0.9173 0.9524 0.9236 0.9228
