2.7894 2.7827 2.8148 2.6085 2.3219 2.0183 1.7341 1.4923 1.3082 1.2785
2.7962 2.7439 3.0531 2.6889 2.3389 1.9988 1.6917 1.4347 1.1537 1.2489
2.8552 3.1236 3.0000 3.0242 2.6868 2.3628 2.0579 1.7094 1.3791 1.3144
2.6457 2.7149 3.0027 2.6446 2.3200 2.0240 1.7059 1.4067 1.1893 1.3153
2.3672 2.4019 2.6686 2.3895 2.0560 1.7075 1.3774 1.5802 1.4050 1.4421
2.0540 2.0619 2.4522 2.1023 1.8070 1.3726 1.6021 1.7975 1.6072 1.6061
1.7329 1.6887 2.1256 1.7605 1.6970 1.6195 1.8195 2.0195 1.8183 1.7689
1.4560 1.3882 1.7216 1.3851 1.6010 1.8223 2.0476 2.0000 2.0359 1.8823
1.2469 1.0666 1.3636 1.1620 1.4185 1.6226 1.8086 2.0129 1.8035 1.8420
1.2180 1.1891 1.2826 1.2951 1.4408 1.6088 1.7629 1.8714 1.8383 1.8402
