1.8610 1.8564 1.8790 1.7452 1.5641 1.3878 1.2668 1.2849 1.2524 1.2938
1.8655 1.8293 2.0354 1.7926 1.5592 1.3325 1.1278 1.3355 1.1786 1.3352
1.9063 2.0824 2.0000 2.0161 1.7912 1.5752 1.3908 1.7087 1.4592 1.5333
1.7711 1.8099 2.0018 1.7631 1.5467 1.6756 1.7011 2.0180 1.7840 1.8055
1.5969 1.6012 1.7791 1.5930 1.7297 1.8796 2.0542 2.3702 2.1075 2.0992
1.4185 1.3746 1.6348 1.7047 1.8997 2.0588 2.4032 2.6963 2.4108 2.3846
1.2839 1.1258 1.4170 1.6914 2.1054 2.4292 2.7292 3.0293 2.7275 2.6439
1.3074 1.3900 1.6923 2.0499 2.4014 2.7334 3.0714 3.0000 3.0539 2.8196
1.2483 1.1580 1.3949 1.7430 2.1278 2.4339 2.7129 3.0193 2.7053 2.7611
1.2795 1.3108 1.4948 1.7788 2.0986 2.3892 2.6351 2.8034 2.7557 2.7584
