2.7895 2.7828 2.8149 2.6088 2.3227 2.0203 1.7395 1.5066 1.3455 1.3514
2.7963 2.7439 3.0531 2.6889 2.3389 1.9988 1.6917 1.4347 1.1786 1.3572
2.8554 3.1236 3.0000 3.0242 2.6868 2.3628 2.0579 1.7094 1.4592 1.5417
2.6464 2.7149 3.0027 2.6446 2.3200 2.1279 1.7059 2.0180 1.7840 1.8087
2.3689 2.4019 2.6686 2.3895 2.2517 2.1232 2.0542 2.3702 2.1075 2.1004
2.0583 2.0619 2.4522 2.1940 2.1740 2.0588 2.4032 2.6963 2.4108 2.3851
1.7443 1.6887 2.1256 1.7605 2.1913 2.4292 2.7292 3.0293 2.7275 2.6441
1.4858 1.3900 1.7216 2.0499 2.4014 2.7334 3.0714 3.0000 3.0539 2.8197
1.3232 1.1580 1.3949 1.7430 2.1278 2.4339 2.7129 3.0193 2.7053 2.7611
1.3258 1.3285 1.5016 1.7814 2.0996 2.3896 2.6353 2.8034 2.7557 2.7584
