0.3333 0.2099 0.1786 0.2353
0.3833 0.2500 0.2048 0.2987
0.4333 0.2692 0.2346 0.3026
0.4833 0.3158 0.2500 0.3699
0.5333 0.3514 0.3067 0.4085
0.5833 0.4286 0.3514 0.5000
0.6333 0.4526 0.3944 0.5000
0.6833 0.5152 0.4493 0.5714
0.7333 0.5625 0.5077 0.6695
0.7833 0.6230 0.5625 0.7193
0.8333 0.7069 0.6352 0.8220
0.8833 0.7929 0.6897 0.9231
0.9333 0.8679 0.7783 0.9608
0.9833 1.0000 0.8000 1.1277
1.0333 1.0842 0.9231 1.3081
1.0833 1.1739 1.0415 1.3571
1.1333 1.3023 1.2431 1.4480
1.1833 1.3295 1.1739 1.5449
1.2333 1.5128 1.3256 1.7027
1.2833 1.7027 1.4937 1.9483
1.3333 1.7361 1.5000 1.9412
1.3833 1.8429 1.6053 2.1250
1.4333 2.0303 1.7173 2.3534
1.4833 2.0938 1.7985 2.4138
1.5333 2.1094 1.7708 2.4224
1.5833 2.2296 1.9338 2.5714
1.6333 2.3167 2.0303 2.7692
1.6833 2.4483 2.0938 2.8462
1.7333 2.5714 2.2258 3.1042
1.7833 2.6667 2.3250 3.1250
1.8333 2.7885 2.4871 3.3478
1.8833 2.8831 2.5000 3.3859
1.9333 2.8462 2.4138 3.3745
1.9833 2.9600 2.5357 3.7143
2.0333 3.0417 2.6481 3.7143
2.0833 3.1042 2.6944 3.7964
2.1333 3.3478 2.8715 4.0000
2.1833 3.5000 3.0625 4.3085
2.2333 3.6061 3.0000 4.2632
2.2833 3.5455 3.1042 4.2632
2.3333 3.5455 3.0833 4.2105
2.3833 3.6905 3.3478 4.2632
2.4333 4.1579 3.3478 4.7647
2.4833 3.7381 3.1667 4.5556
2.5333 3.9000 3.2699 4.5556
2.5833 4.0000 3.5000 4.8382
2.6333 4.0000 3.3478 5.1875
2.6833 4.5000 3.7024 5.2500
2.7333 4.5556 3.7619 5.2031
2.7833 4.4444 3.7024 5.5500
2.8333 4.5278 3.7143 5.2500
2.8833 4.5000 3.7143 5.5333
2.9333 4.3260 3.7500 5.1875
2.9833 4.8235 4.0000 6.0179
