0.3333 0.2099 0.1765 0.2346
0.3833 0.2658 0.2048 0.2987
0.4333 0.2675 0.2346 0.3059
0.4833 0.3158 0.2500 0.3750
0.5333 0.3446 0.3026 0.3944
0.5833 0.4317 0.3550 0.5019
0.6333 0.4627 0.4063 0.5096
0.6833 0.5152 0.4493 0.5754
0.7333 0.5625 0.5077 0.6667
0.7833 0.6281 0.5625 0.7205
0.8333 0.7155 0.6352 0.8333
0.8833 0.7929 0.6936 0.9231
0.9333 0.8599 0.7857 0.9850
0.9833 0.9608 0.7964 1.0904
1.0333 1.0957 0.9034 1.2801
1.0833 1.1758 1.0573 1.3571
1.1333 1.2907 1.2000 1.4813
1.1833 1.3452 1.1935 1.5385
1.2333 1.5385 1.3256 1.7027
1.2833 1.7264 1.4937 1.9483
1.3333 1.7639 1.5385 1.9483
1.3833 1.8286 1.5987 2.1250
1.4333 2.0303 1.7027 2.3000
1.4833 2.0938 1.7985 2.4138
1.5333 2.1250 1.8159 2.5089
1.5833 2.2258 1.9412 2.5446
1.6333 2.3000 2.0779 2.7404
1.6833 2.5000 2.0938 2.8646
1.7333 2.5714 2.2258 3.1042
1.7833 2.6667 2.2917 3.0417
1.8333 2.8269 2.4483 3.3478
1.8833 2.8831 2.5000 3.3152
1.9333 2.8831 2.4397 3.4659
1.9833 3.0000 2.5357 3.7143
2.0333 3.0417 2.6667 3.7619
2.0833 3.0000 2.6667 3.7619
2.1333 3.3478 2.8715 4.0000
2.1833 3.5000 3.0000 4.4583
2.2333 3.7381 3.0312 4.2632
2.2833 3.5227 3.0000 4.2632
2.3333 3.4773 3.0625 4.2105
2.3833 3.7143 3.3938 4.4583
2.4333 4.0789 3.3261 4.7794
2.4833 3.7619 3.1667 4.6225
2.5333 3.9250 3.3043 4.6225
2.5833 4.1053 3.5341 4.8382
2.6333 4.0000 3.3478 4.9586
2.6833 4.5000 3.6721 5.1875
2.7333 4.5556 3.8655 5.1875
2.7833 4.4167 3.5455 5.5500
2.8333 4.5556 3.7619 5.6000
2.8833 4.5278 3.8536 5.6167
2.9333 4.3260 3.7619 5.1875
2.9833 4.8235 4.0000 6.0893
