0.6286 0.6233 0.6336 0.6084 0.5642 0.5570 0.5665 0.5854 0.6099 0.6064
0.6339 0.6077 0.6691 0.6274 0.5273 0.5401 0.5571 0.5797 0.6380 0.6028
0.6655 0.6937 0.5000 0.6760 0.6435 0.6040 0.6175 0.6454 0.5000 0.5641
0.6687 0.6536 0.7155 0.6872 0.6198 0.5918 0.6049 0.6674 0.6485 0.5896
0.6870 0.6413 0.6407 0.5989 0.5843 0.5387 0.5244 0.5690 0.5877 0.5560
0.7511 0.7226 0.7479 0.6458 0.5797 0.4543 0.4470 0.4688 0.4781 0.4908
0.8436 0.8583 0.8099 0.6567 0.6346 0.5563 0.4838 0.4190 0.4069 0.4382
0.9215 0.9600 0.8726 0.8184 0.7457 0.6544 0.5524 0.4857 0.3945 0.4169
0.9608 1.0000 0.9533 0.8813 0.7537 0.6327 0.5642 0.4864 0.4050 0.4180
0.9609 0.9610 0.9221 0.8521 0.7529 0.6528 0.5730 0.5019 0.4464 0.4322
