0.2221 0.2041 0.2048 0.1517 0.0758 -0.0069 -0.0764 -0.1520 -0.2123 -0.2144
0.2402 0.1852 0.2588 0.1744 0.0826 -0.0202 -0.0705 -0.1671 -0.2705 -0.2166
0.3132 0.2974 0.3722 0.2675 0.1560 0.0572 0.0033 -0.0767 -0.1834 -0.1647
0.4020 0.3992 0.4744 0.3750 0.2704 0.1716 0.0933 -0.0006 -0.1176 -0.0942
0.4937 0.4830 0.5750 0.4810 0.3712 0.2652 0.1721 0.0898 0.0030 -0.0002
0.5962 0.5947 0.6776 0.5825 0.4681 0.3460 0.2578 0.1899 0.0981 0.0907
0.7001 0.7051 0.7915 0.7033 0.5726 0.4333 0.3376 0.2584 0.1778 0.1741
0.7990 0.7858 0.9017 0.8036 0.6859 0.5604 0.4458 0.3609 0.2714 0.2539
0.9111 1.0000 0.9922 0.8864 0.7786 0.6777 0.5627 0.4698 0.3412 0.3162
0.9344 0.9577 0.9386 0.8659 0.7728 0.6739 0.5713 0.4772 0.3906 0.3534
